50 50 6

0 0 0
105 104 103
4 0 164
253 181 146
245 0 5
244 96 29

1 29 12 4
8 8 4 3 2 4 3 1 2 2
4 2 6 12 5 3 4 2 2 2 1
7 8 6 3 2 3 8 1
6 13 5 2 2 3 6 1

6 13 6 5 1 1 7 1
5 12 4 3 7 2 6 1
2 2 12 9 1 5 3 1 6 1
4 7 3 1 9 1 1 1 2 3 2 1 6 1
3 7 2 4 8 1 1 1 2 3 1 6 1

3 7 1 2 3 2 3 1 1 3 3 2 4 2
2 6 1 3 3 1 1 5 1 4 1 4 1 2 2 2 2
2 14 3 1 4 1 9 2 1 4
1 13 4 1 3 6 5 2 3 3
1 8 6 4 2 1 3 4 1 2 3

1 3 1 2 7 1 3 2 2 2 2 1 1 2
2 1 2 1 2 4 2 1 4 4 1 1 2 1 2 2
4 1 6 1 4 4 2 4 2 2 3
4 2 4 2 2 2 2 4 2 4
6 2 4 4 1 1 2 2 2 1 3 1

7 3 7 1 1 2 2 2 2
3 3 1 1 3 5 3 2 2 2 1 4
5 2 3 2 3 7 2 2 1 1 3 3
3 3 5 1 2 8 1 1 2 3 1 3
5 5 2 2 5 1 2 1 1 2 2 4 2 2

4 4 5 1 2 5 2 1 1 2 2 6 1 2
3 4 5 1 1 5 2 1 2 6 2 7 2 1
1 2 4 2 1 2 5 2 2 6 5 7 4
1 3 6 2 4 2 1 6 9 4 2
2 2 6 1 3 1 2 2 11 5 1

3 1 3 7 1 1 2 9 5 3
1 2 3 5 1 1 1 6 5 4 1
1 1 4 3 1 1 1 3 5 5 2
1 3 4 5 6 5
2 3 5 6 2 3

3 4 7 1
3 3 6 2
5 7 2
7 3 4
3 1 5 2 5 1 1

1 1 1 2 6 4 5 4 1
1 2 2 2 6 3 6 4 3
1 3 4 1 6 3 1 5 2 1 2 6
3 1 1 1 3 2 6 2 5 5 6 1 2
1 1 3 3 3 3 1 1 3 1 5 1 1 4 4 2 2 1 2

1 2 3 3 4 1 1 3 8 4 6 5 3 1 1
3 2 3 2 1 1 3 4 6 4 4 1 2 2 4 3 1
3 4 4 3 3 2 2 5 4 5 5 4 2
4 3 1 1 3 4 2 1 2 1 6 5 3 2 1 3 4
6 1 1 3 3 2 8 3 1 2 4 4 5 2 1

18 5 9
12 8 2 2 2
7 3 7 3 1 15
9 3 4 1 1 2 5 3 1 2 4
2 5 6 5 2 1 2 5 2 2 1 4

6 7 3 1 2 2 2 2 1 2 2 2 2
4 11 2 3 2 3 1 5 3 1
2 10 3 1 4 1 3 1 1 2 2 2 1
1 13 2 2 6 2 3 1 2 2 1 3
1 15 2 4 2 3 1 5 2 4

1 9 1 3 5 1 5 3 2 3 1 2 2 1 2
1 8 1 3 6 2 5 2 1 3 1 2 1 2 1
1 7 1 4 2 1 4 1 6 2 1 3 1 5 1
1 6 2 4 2 3 2 2 5 2 2 3 1 1 2 2
1 6 1 1 2 2 1 2 2 3 2 3 1 3 1 2 2 1

1 5 1 1 3 2 2 1 4 2 2 3 2 2 2 1 2 1
2 9 4 1 1 6 1 2 2 1 6 2
3 4 3 2 2 1 1 1 3 1 3 1 1 3 2 1 3 1 2
3 3 1 3 1 3 3 7 1 2 1 2 2 3
3 2 1 1 2 1 15 1 1 3 2

3 1 3 3 2 13 2 2 3 1
3 5 4 13 1 5
4 7 6 5 6 2 2 2 5
10 7 2 5 6 10 2 1
1 14 3 3 2 3 1 7 2 1 2

6 7 7 4 3 2 1 1 2 1 2
13 4 1 3 2 1 2 2 3 1 1 1
10 4 2 2 2 1 2 1 2 2 1 1
3 2 3 1 1 2 3 1 2 1 2 2 1
1 3 3 2 1 2 1 1 3 2 2 2 2 3

1 6 1 2 1 1 1 1 3 1 2 2 2 1 2
3 2 1 1 2 2 1 2 1 3 1 2 1 2 2 2
2 2 3 2 2 2 2 1 3 1 1 5 2 1
1 2 2 1 1 1 2 2 2 1 2 2 2 2 2 1 2 2 1
2 1 1 1 1 3 2 2 1 1 3 1 2 1 2 2 2 1

3 1 1 2 1 6 2 1 1 1 3 1 2 2 2 1 2 2
1 1 1 1 2 8 2 2 1 3 1 2 2 2 2 1 1 1
1 1 2 1 1 7 2 2 2 2 2 2 1 2 5 1
1 2 1 1 3 2 4 1 2 3 1 2 2 2 1 2 1 2
1 2 2 6 2 2 4 1 1 5 2 1 2

2 2 1 1 2 3 2 4 2 2 2 1 2 1 4
2 2 3 2 4 3 2 5 2 2 2 2 1 2 2 1 1
3 3 5 1 2 2 1 7 1 1 2 1 2 2 1 2 1
1 1 1 7 2 2 1 2 5 2 1 1 2 5 2 1
2 9 2 1 3 1 5 2 2 1 2 2 4 2 2

1 10 1 1 3 3 2 2 1 2 2 1 2 2 1 2 1 1
1 1 9 1 1 2 2 1 5 1 1 1 2 4 2 2 1
1 1 8 2 2 2 3 2 2 2 13
2 2 5 2 6 6 2 1 3 2
3 6 4 8 9


3 3 1 3
3 3 3 2 1 5 1 5 1 3
3 3 1 3 2 1 5 1 5 1 3
3 1 3 2 2 1 5 1
3 1 3 2 2 1 5 1

3 1 3 2 2 1 5 1
3 1 3 3 2 1 5 1
3 3 1 3 2 4 2 1 5 1
3 1 4 1 3 2 2 4 2 4 2 1 5 1
3 1 4 1 3 2 4 2 4 2 1 5 1

3 1 4 1 1 3 3 2 1 4 2 1 5 1
3 1 4 1 1 4 1 3 2 4 1 4 2 2 1 5 1
3 1 4 1 3 2 4 2 2 1
3 1 4 1 3 2 4 2 2 2
3 1 4 1 3 2 2 4 2 2 2

3 1 4 1 4 1 3 2 2 4 2 2 2 2
3 1 4 1 4 1 4 1 3 2 2 4 2 2 2 2
3 1 4 1 1 3 2 2 2 2 2
3 1 4 1 1 3 2 2 2 2
3 1 4 1 4 1 3 2 2 2 2 3

3 1 4 1 3 2 2 2 3
3 3 1 2 1 4 1 2 2 1 2 3
3 1 2 1 4 1 2 2 1 5 1 3
3 1 2 1 4 1 2 2 1 5 1 3
1 2 1 4 1 5 1 2 2 2 1 5 1 3

1 1 2 1 4 1 5 1 2 2 1 5 1 3
1 1 2 1 4 1 5 1 2 2 1 5 1 3
1 1 1 2 1 2 1 5 1 2 1 5 1
1 1 1 2 1 5 1 1 5 1 1
1 1 1 2 1 5 1 1 5 1 1

1 1 1 1 5 1 1 5 1 1
1 1 1 1 5 1 1 5 1 1 1
1 1 1 1 5 1 1 5 1 1 1
1 1 1 1 1 1
1 1 1 1 1 1

1 1 1 1
1 1 1 1
1 1 1
1 1 1
1 6 1 1 1 6 1

1 6 1 6 1 1 1 6 1
1 6 1 6 1 1 1 6 1
1 6 1 6 1 1 1 1 6 1 6 1
1 6 1 6 1 6 1 1 1 6 1 6 1
1 6 1 6 1 6 1 6 1 1 1 6 1 6 1 6 1 6 1

1 6 1 6 1 6 1 6 1 6 1 6 1 6 1
1 6 1 6 1 6 1 6 1 6 1 6 1 6 1 6 1
1 6 1 6 1 6 1 6 1 6 1 6 1
1 6 1 6 1 6 1 6 1 6 1 6 1 6 1 6 1
1 6 1 6 1 6 1 6 1 6 1 6 1 6 1


3 3 1
3 3 1 1 1
3 3 3 1 1 1
3 1 3 3 1 1 1 6 1 6 1
3 3 1 3 1 1 1 1 6 1 6 1

3 1 3 1 1 1 1 6 1 6 1 6 1
3 1 3 1 1 1 6 1 6 1
3 1 4 1 1 1 1 6 1 6 1 6 1
3 1 4 1 1 1 1 6 1 6 1 6
3 1 4 1 2 1 1 1 6 1

3 1 4 1 4 1 2 1 1 1 6 1 6 1 6
3 1 4 1 4 1 2 1 1 1 6 1 6 1 6
3 1 4 1 4 1 4 1 2 1 1 1 6 1 6
3 1 4 1 4 1 4 1 2 1 1 1 6 1 6 1
3 1 4 1 1 4 1 1 4 1 2 1 1 1 6 1 6 1

3 1 4 1 1 4 1 1 4 1 2 1 1 1 6 1 6 1
3 1 4 1 1 4 1 2 1 1 1 6
3 1 1 4 1 4 1 1 4 1 4 1 2 1 1 1 6 1 6
3 1 1 4 1 1 4 1 2 1 1 1 6 1
3 1 3 1 4 1 1 1 1 6 1

3 1 3 1 3 1 1 1 6 1
3 3 3 1 1 1
3 3 3 1 5 1 1 1 1
3 3 1 5 1 1 6 1
3 3 2 1 5 1 1 1 1 6 1

3 3 2 1 1 1 1 1 1 6 1
3 2 2 2 1 5 1 1 1 6 1 6
3 2 2 1 5 1 1 1 1 6 1 6
3 3 2 2 2 1 5 1 1 1 6 1 6
3 2 2 4 2 2 2 1 5 1 1 1 6 1

3 2 1 4 2 2 2 1 5 1 1 1 6 1 6
2 2 4 2 4 2 2 2 1 5 1 1 1 6 1 6
2 2 4 4 2 2 2 1 5 1 1 1 6 1
1 2 2 4 2 1 4 2 2 2 1 5 1 1 1 6 1 6 1
1 2 2 4 2 4 2 2 2 1 5 1 1 1 6 1 6 1

1 2 2 4 2 4 2 2 2 1 5 1 1 1 6 1 6 1
1 5 1 2 2 4 2 2 1 5 1 1 1 6 1 6 1 6
1 5 1 2 2 4 2 2 1 5 1 1 1 6 1 6
1 5 1 2 2 4 2 2 1 5 1 1 1 6 1 6 1 6
1 5 1 2 2 1 5 1 1 1 6 1 6

1 5 1 2 2 2 1 5 1 1 1 6 1 6 1
1 5 1 2 2 2 1 5 1 1 1 6 1 6 1 6 1
1 5 1 2 2 2 1 5 1 1 1 6 1 6 1 6 1
1 5 1 5 1 2 2 1 5 1 1 1 6 1 6 1
1 5 1 2 2 1 5 1 1 1 1 6 1 6 1

1 5 1 2 2 1 5 1 1 1 1 6 1 6 1 6 1 6
3 1 5 1 2 2 2 3 1 1 1 1 6 1 6 1 6
3 1 5 1 2 2 3 1 1 1 1
3 1 5 1 2 3 1 1 1 1
3 1 2 3 1