30 30

3
3 5
6 7
8 9
9 2 1 3 7

8 9 1 8
8 2 6 1 8
10 1 5 2 8
2 7 2 4 1 5 3
2 8 1 4 1 4 2

2 7 2 2 7 1
1 10 2 2 2 3
1 5 6 2 1 1 1
1 2 3 4 1 1 2
1 2 1 4 2 3

2 3 1 2 4 1 1 1
7 1 1 4 2 1 1
5 1 2 2 1 2 1
5 2 1 4 3 2
4 4 4 5 3

4 4 2 2 2 1
7 2 6 1 2
2 2 4 2 2 2
3 1 3 1 1
2 1 4 2 2

1 2 10 2
3 1 1 1 3
1 4 5 3 1
3 4 5 3
26

10 1
6 4 1 2
5 4 1 1 1
8 6 1 2
10 9 3

12 12 2
16 2 2 1
13 1 2 1 1
11 1 1 1 2 1
2 6 1 5 1 3

3 3 1 1 4 2 3
4 1 1 1 1 3 1 3
2 4 1 5 1 2
4 3 1 3 1
5 5 4 1 1 1

14 4 3 1
13 1 2 1 1 1
5 5 4 3 1
3 3 2 1 2
2 5 5 2 3

6 1 1 1 1 3 2 3
3 3 1 1 4 1 4
11 1 5 2 1 2
12 1 2 2 1
15 1 2 2

8 6 3 3
6 2 5 2
6 3 1 1 1
6 1 1 1
8 1 2