25 25

9 1 5 3
8 7 1 3
6 3 3 1 4
3 7 1 3
3 5 1 2 3 3

3 1 1 1 3 1 1 3
4 1 4 1 2 1 1 2
3 1 3 1 2 2 2 2
3 3 3 1 2 1 1 2
3 1 1 3 1 1 1 1 1

2 1 1 2 1 1 2 2 1
2 2 2 2 1 1 1 1 1
2 1 1 2 1 1 1
1 1 1 1 1 2 2
1 2 2 1 1 1 1

1 1 1 1 1 11
1 1 1 9
2 2 1 7
1 1 1 1 3 1
11 1 3 3

9 1 11
7 1 10
1 3 3 7
3 9 4
4 14 3

16 1 3
13 4 2
10 4 3 2
3 1 4 3 1
3 1 4 4

3 5 4
2 1 4 4 1
2 2 1 4 3 1
1 2 4 4 3 2
2 7 4 2

2 11 1 2
3 3
2 22
3 3
2 7 1 3 2

2 5 4 3 2
2 2 4 3 3 2
2 4 3 2 1
1 4 4 3 1
5 4 3 1

1 4 4 3
1 4 3 4
6 4 3 6
9 4 6
12 1 7