30 30

1 2 3 9 3 3 1
1 1 3 9 3 1 1
1 1 3 6 4 3 2
1 2 2 4 5 4 2
2 3 3 1 2 5 3 3

2 2 3 1 2 5 3 4
3 1 3 2 4 2 4
4 2 4 2 5
5 1 6 1 7
6 6 10

7 6 11
8 4 7 3
1 6 2 6 3
1 6 1 1 5 4
1 1 6 2 3 4

1 1 3 3 1 5
2 1 1 1 1 6
2 1 1 1 1 7
3 3 2 3 8
4 2 4 1 9

5 2 2 1 1 9
7 1 1 1 9
5 3 1 10
5 4 10
6 2 10

11 12
7 2 4 10
10 10
10 10
10 10

30
8 14
3 6 12
1 1 6 11
4 8 10

6 5 3 1 6
3 5 1 4 5
2 4 5 4 4 3
1 6 5 1 4 3
5 3 1 1 3

3 3 1 2
6 5 2 1
4 6 2
13 2 1
12 2 2

2 3 1 3 1
7 1 1 1 1
9 5 1
8 5 2 2
5 5 4 1

1 3 5 4 8
2 5 11
7 4 12
6 4 13
4 4 14

1 1 4 15
2 6 17
1 26
28
30