30 30

9 1 3 14
9 2 3 13
9 2 2 12
9 1 3 12
8 1 4 12

3 1 2 4 9
1 1 2 1 1 6 1
2 8 2 5 5
1 5 6 3 7
7 8 1 6 1

8 10 5 2
6 6 10 2
5 1 3 4 2 2
5 2 2 5 2
1 7 12 2

2 3 3 8 2 1
1 3 1 10 2
2 1 5 8 3
1 3 16 2
2 3 14 2

2 2 2 7 3
1 4 5 5 2
3 3 4 4
9 4 4 2
3 5 4 3 1

2 3 1 3 4
1 1 2 4 3
1 1 3 8
1 1 1 1 1 1 4 6
2 1 1 3 1 1 6 2

5 3 1 1 2 8
5 1 4 1 3 5 1
6 5 1 2 3
7 7 2 1 2
6 8 1 1

5 9 1 4
5 5 3 7 2
5 5 1 1 2 3
4 1 2 1 1 3 1
4 4 6

5 7 2 2 1
2 6 4 1
1 7 6 1 2
2 2 4 3 5 1
5 4 3 5 1

7 4 1 1 2 1 1 2
1 4 5 2 2 1 1
2 8 3 2 2 2 1
9 2 7 1 1 4
5 2 3 8 1 1 4

5 2 10 1 1 3
6 1 11 1 2 2
6 3 9 1 3 1
7 4 8 1 3
6 4 6 2 4

6 4 6 1 3
6 3 2 1 2 2 2
6 3 3 1 1 1 4
6 2 5 8 4
6 6 13